100 0 2691
1100 8 314058
2100 16 1104680
3100 33 2491772
4100 57 4191865
5100 90 6474722
6100 133 9362772
7100 180 12626797
8100 235 16501307
9100 304 20902587
10100 374 25410018
11100 524 30624036
12100 551 36214296
13100 616 42613522
14100 718 49324278
15100 843 56804623
16100 961 64737699
17100 1091 73257478
18100 1243 81876170
19100 1326 91723175
20100 1477 100682022
21100 1669 111109324
22100 1790 122178193
23100 1961 133923407
24100 2149 143936562
25100 2341 158797232
26100 2532 170891753
27100 2721 183805128
28100 2923 197076281
29100 3101 212958679
30100 3369 226150408
31100 3880 241250968
32100 4148 257132667
33100 4520 275715062
34100 4629 289946971
35100 4981 307770863
36100 6040 327824158
37100 5649 343504058
38100 5787 363238867
39100 6149 382105655
40100 6487 400965381
41100 7698 420061948
42100 7269 445427107
43100 7450 462862554
44100 7787 487324457
45100 8097 508106686
46100 8514 530479144
47100 8926 553429710
48100 9118 578688466
49100 9699 601262543
50100 10045 628805376
51100 10376 653053635
52100 11727 675923414
53100 11262 705619698
54100 12597 732750385
55100 12017 755206807
56100 12659 788853629
57100 13321 811193507
58100 13264 841109558
59100 13881 875187306
60100 14626 899681124
61100 15680 936883253
62100 15326 961975431
63100 16696 995110903
64100 16322 1025856389
65100 17518 1062608925
66100 18005 1089380159
67100 18419 1127979250
68100 18472 1156083677
69100 19871 1193157842
70100 21070 1224840506
