100 0 605
1100 1 41860
2100 6 140393
3100 18 307069
4100 27 591040
5100 36 786210
6100 51 1159392
7100 68 1483966
8100 107 2124782
9100 130 2613294
10100 165 3138017
11100 215 3605680
12100 242 4962265
13100 259 5177831
14100 330 6412579
15100 368 6515695
16100 447 8223586
17100 472 8984093
18100 554 9861595
19100 556 10662662
20100 623 13528080
21100 669 12981325
22100 804 15080440
23100 882 15424107
24100 1077 19130023
25100 1091 19973293
26100 1073 20506310
27100 1253 21335553
28100 1295 25952335
29100 1253 24931908
30100 1512 28216476
31100 1378 26763279
32100 1555 32549924
33100 1856 33155195
34100 1818 35408068
35100 1868 36101582
36100 2185 45058743
37100 2274 40623262
38100 2572 44422894
39100 2740 43105222
40100 2977 51367506
41100 2989 51464976
42100 3265 53683759
43100 3186 52997624
44100 3396 64837639
45100 3564 60720385
46100 3687 66771695
47100 3993 63943138
48100 4165 73195292
49100 5009 73179703
50100 4128 74653338
51100 4179 75501602
52100 5275 90583579
53100 5062 81440104
54100 5035 89953242
55100 5279 87636848
56100 5332 99609111
57100 5680 101692271
58100 6212 102080301
59100 5956 101354584
60100 6114 118723146
61100 6534 111293412
62100 6757 119815216
63100 7129 113569416
64100 7226 130794383
65100 7655 127618946
66100 7461 132522287
67100 8218 133313886
68100 7979 157204939
69100 8943 139868259
70100 8770 150671891
71100 8592 141816822
72100 9306 163955218
73100 8896 163528902
74100 8614 164337814
75100 9873 159822945
76100 10542 191032150
77100 10323 178384731
78100 10823 189506430
79100 10375 174818497
80100 11659 205584373
81100 11120 196206888
82100 12556 201964998
83100 11770 201226144
84100 11674 237434771
85100 12386 211133718
86100 12840 228103403
87100 13430 218660931
88100 13854 250239182
89100 14014 249765813
90100 14128 241576754
91100 15254 240086322
92100 15366 277830308
93100 15283 254050847
94100 14802 272450253
95100 15061 251081606
96100 17139 293573439
97100 16117 283906300
98100 18390 290835333
99100 17651 289935137
100100 17248 340560184
