100 0 2337
1100 0 299269
2100 2 1121143
3100 6 2428878
4100 9 4232101
5100 14 6580839
6100 18 9289005
7100 28 12543783
8100 32 16435628
9100 43 20470737
10100 53 25531616
11100 58 30914142
12100 76 36510881
13100 82 42440125
14100 104 50014425
15100 121 56758310
16100 154 64884606
17100 157 73210510
18100 160 82016913
19100 175 91631442
20100 191 100380343
21100 239 111103745
22100 234 121958701
23100 255 133523518
24100 281 145737366
25100 316 157841594
26100 330 170038795
27100 362 184166304
28100 416 198003424
29100 400 212132966
30100 432 226570496
31100 479 242745647
32100 502 256486609
33100 530 273378615
34100 573 291955214
35100 595 306206358
36100 623 324926199
37100 659 343969991
38100 704 363475957
39100 727 381518928
40100 771 401232875
41100 812 422839945
42100 848 445333868
43100 906 464472788
44100 938 485269586
45100 973 507902315
46100 1022 532413570
47100 1103 558477409
48100 1113 580352416
49100 1163 602625325
50100 1206 629823911
51100 1297 651880162
52100 1311 682173634
53100 1349 706916818
54100 1404 734863104
55100 1484 756841830
56100 1506 789290438
57100 1553 813239407
58100 1624 842519417
59100 1715 872998005
60100 1706 901948214
61100 1784 935656532
62100 2060 964716770
63100 2054 997486944
64100 2236 1028701281
65100 2199 1058714898
66100 2494 1091997953
67100 2364 1120236524
68100 2319 1163532627
69100 2629 1196717987
70100 2567 1229444948
71100 2682 1261812510
72100 2622 1305612544
73100 2972 1339063859
74100 3937 1374428363
75100 2991 1407221059
76100 3069 1454851117
77100 3048 1487449118
78100 3230 1525045336
79100 3247 1561518587
80100 3249 1608485442
81100 3433 1641031208
82100 3640 1685233373
83100 4416 1723624395
84100 3717 1766903430
85100 3769 1811076272
86100 3826 1846739414
87100 3931 1892957624
88100 4040 1941170613
89100 4159 1981669681
90100 4471 2027053066
