100 0 2384
1100 4 296953
2100 32 1103621
3100 32 2418681
4100 52 4187919
5100 84 6502728
6100 118 9354600
7100 163 12579167
8100 210 16283287
9100 265 20891063
10100 343 25483369
11100 395 30856618
12100 478 36664388
13100 581 43594063
14100 665 49958644
15100 750 56530190
16100 872 65001754
17100 932 73132706
18100 1032 81705150
19100 1203 91301309
20100 1276 100744168
21100 1400 111726713
22100 1541 121736494
23100 1718 133146153
24100 1830 145428339
25100 2185 157381279
26100 2206 169473513
27100 2329 182032980
28100 2542 198022538
29100 2678 210289822
30100 2893 227060863
31100 3107 238524009
32100 3611 259687855
33100 3791 273506187
34100 4040 291978212
35100 4195 307463417
36100 4444 325330490
37100 4834 343711029
38100 4943 363059932
39100 5408 382088095
40100 5589 400286273
41100 5703 419627984
42100 5994 442944252
43100 6353 465167285
44100 6579 487091784
45100 6817 506255327
46100 7195 535169720
47100 7554 554347531
48100 8008 579813992
49100 8209 605114126
50100 8602 628342862
51100 8921 653581110
52100 9166 677024055
53100 9524 708487548
54100 10068 734432009
55100 10455 760990365
56100 10619 788093492
57100 10930 814713885
58100 11636 842877395
59100 11789 875943289
60100 12264 905287486
61100 12591 934059559
62100 12884 964860344
63100 13332 999132458
64100 13861 1029124597
65100 14351 1060313748
66100 14617 1092714010
67100 15037 1126951606
68100 16186 1157382238
69100 16128 1192560701
70100 16486 1231664551
71100 16910 1266577526
72100 17468 1299697146
73100 17912 1335627396
74100 18440 1380400437
75100 19610 1414259409
76100 19374 1446783369
77100 19860 1484792673
78100 20275 1522302559
79100 21046 1563047720
80100 21807 1605102412
81100 24025 1643750951
82100 24978 1680812841
83100 23199 1724802896
84100 23919 1772513787
85100 24334 1808482626
86100 25042 1859284552
87100 26280 1897691595
88100 26022 1936719484
89100 26835 1991953633
90100 27308 2031966285