100 0 384
1100 0 7783
2100 0 22810
3100 0 31659
4100 1 49277
5100 1 65060
6100 1 72710
7100 2 102255
8100 2 108384
9100 2 145186
10100 2 150029
11100 3 160767
12100 3 188974
13100 4 209279
14100 4 226863
15100 5 279965
16100 5 274998
17100 5 288668
18100 6 322210
19100 6 344759
20100 7 339335
21100 7 396096
22100 7 385720
23100 7 400122
24100 9 442747
25100 10 483965
26100 9 492186
27100 10 516153
28100 10 547714
29100 11 592363
30100 11 612123
31100 11 597098
32100 12 625512
33100 12 703180
34100 14 732924
35100 14 808045
36100 14 735211
37100 18 860501
38100 15 777510
39100 16 913466
40100 15 855551
41100 17 950558
42100 17 945093
43100 18 928399
44100 18 967238
45100 19 1132287
46100 19 1147965
47100 18 1084439
48100 18 1058972
49100 21 1152549
50100 20 1232850
51100 20 1136453
52100 22 1216506
53100 57 1130490
54100 23 1376461
55100 22 1254468
56100 23 1236430
57100 24 1341495
58100 23 1308007
59100 25 1574973
60100 24 1454070
61100 25 1435499
62100 26 1603768
63100 26 1550711
64100 26 1564270
65100 28 1665086
66100 32 1681494
67100 29 1589926
68100 29 1755846
69100 29 1696069
70100 29 1795566
71100 29 1758167
72100 30 1770706
73100 30 1852936
74100 33 1776545
75100 33 1983512
76100 36 2078373
77100 36 2015269
78100 34 2044139
79100 34 2078617
80100 36 2184666
81100 33 1918798
82100 35 2146812
83100 37 2066488
84100 36 2210951
85100 36 2166516
86100 36 2266273
87100 38 2286487
88100 40 2361940
89100 38 2211065
90100 40 2333989
91100 41 2456846
92100 43 2536393
93100 41 2588830
94100 63 2779746
95100 45 2618956
96100 49 2813126
97100 45 2767493
98100 48 2743566
99100 47 3013000
100100 46 2626863
101100 47 2894053
102100 46 2824087
103100 85 2971431
104100 54 3110600
105100 52 3056957
106100 48 2924368
107100 49 2965144
108100 52 3159297
109100 49 2878844
110100 53 3164595
111100 52 3218117
112100 52 2943237
113100 53 3237662
114100 54 3157414
115100 53 3248127
116100 56 3463923
117100 62 3706348
118100 57 3390875
119100 58 3480636
120100 59 3691108
121100 63 3946354
122100 59 3439143
123100 57 3280927
124100 58 3483215
125100 61 3708093
126100 59 3678005
127100 63 3845426
128100 61 3833937
129100 70 3643953
130100 66 4136530
131100 64 3656437
132100 66 4077567
133100 68 4295560
134100 64 3870269
135100 63 3901019
136100 69 3913993
137100 108 4163415
138100 65 3872250
139100 67 4132393
140100 70 4281835
141100 72 4464130
142100 72 4532415
143100 72 4161074
144100 71 4258766
145100 74 4587864
146100 76 4209474
147100 80 4757577
148100 79 4424607
149100 83 4562711
150100 83 4839310
151100 75 4413635
152100 80 5041412
153100 79 4847946
154100 77 4738627
155100 80 5126084
156100 125 5165102
157100 83 5158023
158100 79 4858737
159100 83 5315111
160100 79 4865560
161100 80 4779333
162100 83 5208809
163100 85 5311517
164100 84 5067413
165100 87 5385064
166100 89 5532293
167100 84 5252418
168100 87 5418481
169100 86 5148152
170100 92 5942905
171100 87 5284320
172100 90 5735137
173100 130 5129523
174100 97 6192254
175100 88 5421734
176100 94 5979798
177100 90 5476903
178100 92 5728430
179100 93 5931102
180100 97 6109353
181100 95 5834370
182100 97 5990144
183100 93 5553149
184100 99 6281334
185100 98 5420998
186100 98 6054947
187100 99 6151757
188100 98 6131503
189100 98 5888896
190100 140 5992961
191100 100 6221280
192100 103 6416040
193100 105 6436810
194100 104 6647533
195100 104 6517562
196100 106 6880621
197100 106 6487615
198100 104 6203878
199100 108 6717663
200100 108 6791784
201100 109 6864346
202100 107 6843978
203100 114 7612825
204100 111 7045506
205100 111 6929137
206100 108 6668740
207100 154 7385202
208100 111 7126427
209100 107 6592026
210100 130 7741440
211100 112 7082640
212100 111 6846356
213100 112 6924043
214100 119 7732629
215100 118 7563259
216100 116 7500926
217100 121 7469073
218100 117 7535612
219100 116 7343183
220100 125 8022072
221100 113 6850220
222100 158 7692153
223100 117 7417754
224100 120 7617164
225100 116 7146260
226100 125 7622470
227100 121 7739524
228100 126 8004222
229100 121 7678293
230100 122 7700397
231100 125 7892819
232100 123 7654327
233100 130 8424332
234100 121 7332837
235100 121 7394600
236100 129 8221617
237100 125 7627725
238100 131 8484892
239100 128 8076335
240100 134 8701643
241100 170 8123900
242100 139 9195824
243100 138 9149703
244100 150 9530996
245100 146 9664106
246100 141 9084459
247100 131 8201971
248100 142 9137805
249100 136 8508704
250100 146 9000474
251100 141 9193832
252100 143 9290748
253100 138 8760655
254100 141 9071333
255100 156 8956801
256100 189 9512305
257100 139 8800768
258100 142 9052121
259100 148 9726456
260100 142 9117828
261100 145 9160140
262100 142 9123651
263100 143 9069463
264100 147 9510561
265100 154 10112882
266100 146 9132074
267100 150 9234583
268100 166 9524096
269100 159 9251115
270100 163 9303067
271100 156 9879672
272100 152 9496977
273100 155 9420009
274100 170 11604834
275100 159 10459776
276100 152 9728671
277100 155 9961426
278100 149 9183700
279100 160 10620693
280100 157 9941582
281100 162 10047349
282100 161 10368620
283100 152 9434704
284100 173 10608919
285100 177 9974425
286100 167 10056576
287100 175 10961641
288100 169 9959217
289100 157 9723430
290100 185 10584569
291100 158 9984902
292100 175 10748405
293100 178 10553532
294100 168 10567610
295100 163 9865982
296100 172 10962316
297100 219 11292887
298100 180 11009057
299100 185 11324924
300100 172 10747192
301100 183 11852296
302100 180 11304806
303100 189 12207605
304100 174 11245009
305100 210 12414366
306100 177 11410501
307100 175 11224083
308100 172 10983111
309100 168 10633727
310100 177 11473572
311100 181 11901303
312100 223 12037577
313100 183 11691896
314100 184 11815215
315100 179 11453953
316100 192 13037588
317100 183 11731593
318100 179 11358562
319100 179 11568123
320100 182 11690163
321100 188 12359623
322100 186 12053696
323100 195 12886632
324100 228 12954554
325100 236 12038161
326100 188 11703971
327100 187 12010408
328100 184 11696665
329100 196 13214441
330100 182 11728466
331100 187 11958565
332100 191 12279635
333100 187 12000904
334100 199 12668796
335100 193 12624399
336100 207 14001059
337100 214 14325262
338100 253 12339771
339100 214 12436231
340100 221 13397315
341100 226 13826721
342100 226 13798219
343100 223 12802791
344100 229 13296433
345100 245 13535447
346100 241 13178634
347100 234 13130358
348100 244 14032278
349100 300 15113322
350100 237 12780352
351100 233 12410107
352100 240 13800536
353100 237 13899648
354100 264 14424779
355100 251 13388320
356100 249 14200875
357100 234 13371001
358100 267 13751127
359100 281 13614448
360100 285 13567507
361100 330 14995100
362100 332 13851018
363100 339 13838548
364100 367 15352818
365100 359 15079416
366100 318 13171123
367100 331 13624619
368100 281 13089418
369100 264 13591665
370100 262 14702518
371100 264 15914465
372100 274 16141424
373100 274 16837901
374100 233 13519966
375100 234 13624874
376100 269 14473170
377100 250 13665441
378100 260 14463795
379100 250 14951769
380100 246 14158723
381100 248 14623079
382100 242 14287969
383100 250 14708133
384100 247 15307432
385100 280 14781053
386100 274 16852119
387100 258 14966096
388100 270 16067028
389100 249 14783516
390100 274 17379846
391100 257 16139352
392100 247 14421277
393100 280 18278088
394100 284 14266178
395100 271 15426633
396100 263 15194285
397100 285 17558749
398100 271 16175384
399100 269 16434222
400100 249 14450349
401100 267 16859424
402100 266 15426049
403100 304 16086103
404100 266 15144177
405100 270 16164387
406100 274 16812979
407100 278 17639894
408100 271 17134910
409100 269 15532193
410100 251 14477372
411100 265 16306112
412100 302 15576912
413100 288 17163874
414100 267 15825006
415100 278 17314455
416100 276 16605791
417100 271 16228932
418100 268 16260249
419100 271 16513516
420100 266 16002864
421100 306 16201823
422100 280 16376698
423100 293 16887347
424100 287 16895463
425100 314 20214775
426100 284 16833298
427100 286 17835754
428100 264 15882142
429100 266 16031644
430100 315 16941787
431100 297 16917914
432100 284 16612532
433100 295 17881201
434100 275 16754680
435100 288 18150876
436100 293 18045904
437100 293 17135847
438100 293 17515584
439100 345 19016370
440100 323 19840882
441100 287 17065495
442100 281 17105820
443100 282 17318991
444100 298 18032374
445100 287 16946047
446100 350 17889905
447100 311 17837251
448100 335 21175695
449100 295 17619511
450100 295 17281192
451100 292 17245827
452100 299 18445246
453100 387 19936689
454100 327 19098837
455100 311 18970122
456100 304 17567150
457100 314 19217101
458100 305 18591922
459100 300 18170574
460100 345 18193012
461100 311 18147702
462100 319 19051150
463100 310 17975964
464100 328 20292482
465100 304 18380025
466100 327 21084291
467100 349 19271453
468100 327 19084373
469100 326 19130258
470100 358 19880504
471100 340 19413623
472100 328 18872079
473100 323 19828826
474100 372 20128021
475100 336 19991713
476100 324 19762273
477100 296 17348245
478100 346 18533553
479100 349 19922951
480100 343 19249278
481100 396 20385672
482100 410 19907217
483100 452 20114174
484100 455 19706726
485100 433 19641409
486100 435 18992504
487100 467 19002174
488100 444 19447345
489100 376 20461463
490100 367 21337078
491100 341 20350839
492100 329 19478186
493100 335 20517079
494100 331 20804650
495100 417 22899934
496100 347 21003011
497100 356 22301550
498100 321 19204352
499100 322 19709986
500100 344 21405622
