100 0 361
1100 0 7084
2100 0 17396
3100 0 30012
4100 1 41557
5100 1 57636
6100 1 66020
7100 2 83875
8100 2 101706
9100 2 111759
10100 2 126769
11100 3 155508
12100 3 169993
13100 3 189289
14100 3 200707
15100 4 204169
16100 4 237383
17100 5 253555
18100 5 291505
19100 5 283239
20100 6 305554
21100 6 352704
22100 7 355761
23100 7 409973
24100 7 412658
25100 7 427216
26100 7 442289
27100 9 502955
28100 8 525501
29100 9 533640
30100 10 594028
31100 10 615748
32100 9 546918
33100 10 608679
34100 11 628503
35100 11 647298
36100 12 726298
37100 12 715123
38100 11 729980
39100 12 740559
40100 12 714909
41100 12 721797
42100 13 794914
43100 14 840008
44100 14 830278
45100 14 876823
46100 15 886051
47100 16 933627
48100 16 915280
49100 16 963460
50100 17 1025387
51100 17 989905
52100 17 1025487
53100 17 1042943
54100 19 1136802
55100 19 1146779
56100 19 1150289
57100 21 1203979
58100 19 1098387
59100 22 1326319
60100 20 1211832
61100 22 1320199
62100 24 1430077
63100 23 1271345
64100 23 1310268
65100 24 1441074
66100 24 1455786
67100 24 1456994
68100 24 1513313
69100 25 1519052
70100 25 1599928
71100 26 1522116
72100 27 1614860
73100 31 1640084
74100 28 1595872
75100 27 1695844
76100 29 1725982
77100 27 1619176
78100 29 1741204
79100 27 1605789
80100 29 1733328
81100 31 1792749
82100 32 1956955
83100 30 1734227
84100 36 1940673
85100 34 1980647
86100 34 2013084
87100 34 1984286
88100 35 2090368
89100 34 1964742
90100 34 2021874
91100 39 1985791
92100 37 2092060
93100 36 2035837
94100 36 2155077
95100 37 2212781
96100 37 2317656
97100 39 2521178
98100 39 2259904
99100 44 2354124
100100 41 2285477
101100 43 2435536
102100 42 2425815
103100 43 2425361
104100 43 2575149
105100 42 2441173
106100 43 2502446
107100 45 2697199
108100 43 2507111
109100 44 2643188
110100 46 2649099
111100 45 2597030
112100 46 2788989
113100 45 2674748
114100 52 2797713
115100 54 2568279
116100 70 2716113
117100 51 2840294
118100 50 2748382
119100 50 3054393
120100 51 2981363
121100 52 2924977
122100 53 3112478
123100 50 2823175
124100 51 3107041
125100 54 3174558
126100 79 3271347
127100 58 3381430
128100 54 3363847
129100 53 3290316
130100 55 3548931
131100 57 3459926
132100 56 3413372
133100 56 3392037
134100 56 3380086
135100 58 3371934
136100 61 3523391
137100 61 3615550
138100 58 3628922
139100 56 3397147
140100 59 3638395
141100 58 3613162
142100 65 4192224
143100 61 3767367
144100 61 3801362
145100 58 3564642
146100 105 3890302
147100 61 3652225
148100 62 3705467
149100 65 4015254
150100 64 3911023
151100 62 3777519
152100 65 4026477
153100 66 3981761
154100 69 4372648
155100 65 3900333
156100 71 4007819
157100 70 4463821
158100 64 3871572
159100 67 4223860
160100 68 4205952
161100 67 4116181
162100 72 4588067
163100 67 4129188
164100 73 4480818
165100 69 4429551
166100 76 4428415
167100 70 4234240
168100 74 4575581
169100 69 4239583
170100 80 4684885
171100 73 4387381
172100 76 4736521
173100 77 4747636
174100 75 4681506
175100 79 4503359
176100 72 4259420
177100 81 5071338
178100 77 4676773
179100 81 4486663
180100 79 4761298
181100 81 5052822
182100 79 4881651
183100 83 5343825
184100 79 4990239
185100 90 5756809
186100 76 4598156
187100 84 5211783
188100 83 5249644
189100 86 5491971
190100 83 5221225
191100 82 5033304
192100 79 4772769
193100 85 5340383
194100 85 5440994
195100 86 5575452
196100 84 5240688
197100 85 5274724
198100 98 5652543
199100 96 5414694
200100 92 6000253
201100 86 5323896
202100 94 5587153
203100 94 6172433
204100 88 5479045
205100 91 5826128
206100 94 5624094
207100 92 5789540
208100 91 5823493
209100 95 5804232
210100 92 5670253
211100 99 6549968
212100 96 5791383
213100 96 6163286
214100 94 5805950
215100 95 6054206
216100 94 5745631
217100 95 5787042
218100 102 6783819
219100 100 5850727
220100 100 6354767
221100 107 6669026
222100 98 6030627
223100 106 7115467
224100 104 6695823
225100 107 6965831
226100 117 6187897
227100 105 6908750
228100 104 6671357
229100 100 6330086
230100 108 6930028
231100 110 7261088
232100 101 6298110
233100 102 6371910
234100 107 6778627
235100 115 7723230
236100 107 6587910
237100 110 6520754
238100 109 6972666
239100 106 6621817
240100 112 7410446
241100 118 6935308
242100 113 7401886
243100 106 6567715
244100 105 6742062
245100 113 7276325
246100 116 7508206
247100 112 7169477
248100 113 7367401
249100 115 7535661
250100 122 7701478
251100 123 8229800
252100 117 7718397
253100 113 7309683
254100 120 7346849
255100 116 7796553
256100 112 7210137
257100 109 6645691
258100 115 7359139
259100 118 7609970
260100 118 7555254
261100 122 7896045
262100 120 7725161
263100 121 7807844
264100 123 7712102
265100 123 8153875
266100 125 8320934
267100 126 8318173
268100 129 8007083
269100 125 8109454
270100 146 7730137
271100 122 7817644
272100 130 8508597
273100 122 7955059
274100 126 8085917
275100 122 7798981
276100 127 8080893
277100 128 8267024
278100 133 8396406
279100 132 8469341
280100 131 8237920
281100 129 8222129
282100 125 8206864
283100 128 8151117
284100 125 8101936
285100 138 8258127
286100 132 8458967
287100 129 8341938
288100 135 8836955
289100 133 8566378
290100 133 8663757
291100 135 8607977
292100 134 8769727
293100 142 9648282
294100 136 8991531
295100 132 8474163
296100 143 9610038
297100 141 9219174
298100 136 8772032
299100 144 8609958
300100 146 9814884
301100 143 9518538
302100 140 9094194
303100 140 9172535
304100 141 9243776
305100 149 9884605
306100 144 9328865
307100 154 9211128
308100 150 9432775
309100 165 9234600
310100 152 9698339
311100 157 10442382
312100 180 9947485
313100 152 9268138
314100 157 10043650
315100 157 9708810
316100 153 9179833
317100 155 9539902
318100 147 9087796
319100 156 10348326
320100 150 9475875
321100 160 10319398
322100 157 9924542
323100 153 9489459
324100 170 10998458
325100 159 10318615
326100 159 10252668
327100 174 9902049
328100 180 10565125
329100 167 10540022
330100 170 10606617
331100 166 10764771
332100 168 11246484
333100 169 11366812
334100 169 11327084
335100 156 10105214
336100 193 11118012
337100 167 11102729
338100 157 9773407
339100 162 10438251
340100 162 10544945
341100 186 10639813
342100 158 9919981
343100 163 10389410
344100 166 10046459
345100 181 10752602
346100 183 10618862
347100 192 10824009
348100 189 10536891
349100 191 10796020
350100 197 11223384
351100 222 13174689
352100 201 11387940
353100 193 11153063
354100 193 10865483
355100 213 12731437
356100 194 11165878
357100 205 11460828
358100 188 10188693
359100 200 11510261
360100 192 11001372
361100 196 11249296
362100 188 10535207
363100 203 12161322
364100 195 11179984
365100 190 10920140
366100 189 10469448
367100 221 12887069
368100 204 11613529
369100 203 11897659
370100 242 11716476
371100 222 12482519
372100 209 11962851
373100 219 12475668
374100 208 12208341
375100 200 11976317
376100 213 12582253
377100 200 11519137
378100 201 11609050
379100 197 11246665
380100 212 12661518
381100 202 11766688
382100 213 13276757
383100 200 11989633
384100 203 12259045
385100 210 11980768
386100 221 12712164
387100 211 12177816
388100 211 12025497
389100 226 11738896
390100 231 12777205
391100 240 13029680
392100 232 11883848
393100 236 13281531
394100 223 11754460
395100 253 14502236
396100 229 12774222
397100 233 13632238
398100 235 13361392
399100 223 12565766
400100 229 12977124
401100 290 14246350
402100 240 12905728
403100 242 13441056
404100 242 13559058
405100 223 12504514
406100 232 13285746
407100 232 13091815
408100 233 13369407
409100 248 14519963
410100 249 14404921
411100 239 13282835
412100 235 13287650
413100 244 14134141
414100 250 14201380
415100 237 13171590
416100 233 13123657
417100 236 13567029
418100 228 12797315
419100 230 13425449
420100 238 14639807
421100 240 13206619
422100 233 12785362
423100 238 13292635
424100 231 12882811
425100 243 14428892
426100 248 15081809
427100 241 13843972
428100 237 13953556
429100 241 14867520
430100 232 13540787
431100 232 14058516
432100 238 14331344
433100 238 14494268
434100 240 14172034
435100 278 15078902
436100 308 16505787
437100 249 14630919
438100 246 14524863
439100 227 13446112
440100 234 14045932
441100 238 14864955
442100 243 13580132
443100 261 15204882
444100 255 15447104
445100 241 14577582
446100 247 15201714
447100 237 14188015
448100 225 13306498
449100 231 14058188
450100 258 16359588
451100 238 14165451
452100 251 15354038
453100 249 15179049
454100 264 16979542
455100 251 15910170
456100 263 16814396
457100 256 15799048
458100 254 14993520
459100 265 16511433
460100 247 14885440
461100 244 15089508
462100 244 14882800
463100 256 15748419
464100 249 15648081
465100 249 15665826
466100 272 16579821
467100 266 16028527
468100 263 16285545
469100 257 15667561
470100 253 15795979
471100 273 17572374
472100 248 15130259
473100 257 15837928
474100 259 15763483
475100 264 16222281
476100 251 14918604
477100 253 15442811
478100 261 15947625
479100 255 15898715
480100 267 17108229
481100 259 15481205
482100 268 16504958
483100 252 15238062
484100 273 17074621
485100 296 18443612
486100 271 15877427
487100 276 16286468
488100 311 18310095
489100 272 16024784
490100 277 16926078
491100 283 17511937
492100 284 18281706
493100 265 16195632
494100 298 18616048
495100 290 17558458
496100 271 16459220
497100 280 17338479
498100 309 16197601
499100 289 17527258
500100 278 17022231
