100 0 443
1100 0 8133
2100 0 22540
3100 1 45206
4100 2 115826
5100 1 54513
6100 1 76052
7100 2 92834
8100 2 105858
9100 2 138077
10100 2 147022
11100 3 173077
12100 3 177691
13100 3 198042
14100 3 217124
15100 4 217030
16100 4 251982
17100 5 269328
18100 5 307613
19100 5 288595
20100 5 342307
21100 6 342532
22100 6 365701
23100 6 382487
24100 7 436589
25100 8 519937
26100 8 497111
27100 7 449534
28100 8 490205
29100 9 597321
30100 9 602342
31100 9 610841
32100 10 615855
33100 11 724420
34100 10 664245
35100 11 743535
36100 11 743934
37100 12 832603
38100 12 773250
39100 12 753788
40100 13 802515
41100 17 1046041
42100 14 915345
43100 14 888307
44100 15 988139
45100 19 1290304
46100 17 1115540
47100 15 879656
48100 16 984354
49100 17 1040193
50100 18 1129903
51100 17 1087091
52100 18 1142580
53100 18 1108370
54100 19 1204000
55100 19 1134012
56100 20 1266831
57100 20 1266127
58100 21 1373415
59100 20 1220359
60100 22 1262940
61100 22 1372121
62100 22 1408647
63100 21 1279531
64100 23 1453098
65100 25 1589270
66100 26 1706458
67100 26 1671956
68100 28 1840556
69100 27 1696454
70100 29 1691080
71100 29 1580508
72100 27 1623133
73100 56 1707963
74100 56 2087092
75100 29 1714073
76100 28 1796093
77100 30 1831087
78100 30 2025075
79100 27 1605067
80100 29 1808597
81100 30 1917178
82100 39 2920215
83100 34 2106857
84100 33 2165321
85100 34 2115990
86100 41 2770801
87100 34 2249631
88100 35 2374473
89100 37 2553231
90100 35 2127006
91100 36 2345003
92100 36 2190341
93100 35 2167803
94100 37 2263040
95100 35 2139444
96100 38 2430044
97100 37 2350252
98100 37 2265466
99100 43 3127894
100100 44 2825153
101100 42 2576980
102100 40 2548949
103100 44 2560710
104100 39 2578431
105100 40 2660372
106100 42 2779229
107100 40 2609762
108100 43 2748791
109100 42 2718832
110100 44 2914952
111100 46 3029018
112100 42 2605595
113100 44 2681232
114100 46 2926583
115100 52 3686368
116100 49 3237972
117100 45 2874333
118100 47 2990981
119100 46 3026524
120100 47 2990890
121100 46 3082297
122100 51 2976841
123100 57 4053654
124100 50 3278269
125100 49 3213637
126100 51 3435956
127100 52 3555323
128100 52 3378397
129100 54 3713761
130100 56 3855138
131100 127 11504957
132100 66 4756497
133100 57 3790509
134100 57 3789175
135100 58 3785222
136100 54 3548839
137100 56 3581778
138100 57 3792229
139100 59 3796676
140100 57 3770866
141100 57 3738270
142100 57 3676178
143100 62 4056355
144100 56 3597706
145100 58 3720822
146100 58 3828124
147100 60 3981330
148100 69 4899713
149100 63 4150049
150100 61 3968984
151100 60 3879782
152100 64 4336275
153100 72 4157236
154100 74 4552325
155100 66 4323457
156100 67 4589537
157100 63 4084641
158100 62 4059382
159100 64 4174894
160100 67 4664177
161100 66 4245308
162100 67 4529827
163100 68 4576561
164100 90 6829791
165100 77 5407290
166100 74 4906332
167100 73 4714602
168100 75 5140554
169100 71 4737854
170100 77 5400228
171100 76 5201369
172100 93 7025997
173100 77 5137313
174100 81 5626967
175100 74 4574401
176100 74 4576102
177100 77 4999275
178100 79 4965359
179100 76 4894579
180100 84 5306551
181100 87 6189964
182100 79 5285357
183100 76 5163010
184100 80 5406984
185100 78 5285054
186100 74 4762858
187100 79 5148453
188100 80 4971678
189100 82 5509970
190100 80 5321553
191100 84 5573569
192100 85 5802211
193100 83 5474475
194100 82 5388377
195100 86 5915898
196100 94 6580907
197100 113 8609810
198100 102 7266399
199100 88 5799368
200100 92 6278098
201100 90 6041642
202100 90 5787455
203100 89 5783902
204100 92 6194267
205100 96 6825809
206100 90 6058432
207100 90 5900577
208100 92 6251630
209100 96 6691631
210100 95 6269572
211100 101 5842837
212100 105 6923604
213100 149 12119146
214100 96 6740742
215100 100 6845634
216100 101 6994488
217100 131 10064753
218100 93 6118244
219100 94 6092845
220100 96 6116239
221100 102 6645357
222100 106 7233309
223100 97 6521519
224100 98 6699553
225100 95 6327872
226100 97 6357548
227100 100 6944374
228100 105 7319284
229100 105 7033022
230100 115 8198164
231100 117 7526995
232100 104 7138880
233100 106 7253093
234100 104 6831351
235100 105 6982818
236100 106 7076964
237100 112 7676211
238100 105 7337770
239100 104 6759250
240100 120 6833698
241100 107 6909911
242100 107 7227050
243100 108 7116072
244100 109 7354935
245100 110 7362904
246100 138 10330380
247100 109 7405970
248100 107 7065105
249100 117 8021590
250100 111 7374534
251100 115 7737415
252100 111 7219781
253100 118 7832457
254100 138 10455539
255100 108 7185423
256100 124 8665960
257100 116 7680106
258100 132 9507195
259100 118 7931237
260100 148 10863262
261100 118 7792940
262100 117 7819113
263100 144 10105817
264100 129 8921956
265100 123 8439746
266100 127 8799102
267100 121 8466425
268100 127 8845472
269100 131 8987844
270100 126 8310112
271100 128 8730132
272100 125 8009956
273100 123 7988314
274100 128 8428477
275100 122 8142708
276100 140 10070830
277100 132 9170656
278100 129 8626109
279100 136 9585848
280100 136 9469798
281100 151 10906430
282100 123 7882990
283100 132 8715142
284100 127 8201775
285100 126 8283829
286100 129 8405478
287100 147 9615623
288100 126 8157745
289100 132 8913961
290100 136 9014161
291100 132 8773738
292100 136 9098496
293100 137 9056709
294100 136 8993912
295100 196 15436655
296100 151 10810960
297100 149 10572963
298100 142 9266337
299100 142 9698719
300100 150 10177433
301100 156 11105911
302100 151 10401160
303100 141 9305117
304100 142 9490804
305100 136 8971613
306100 143 9365433
307100 145 9445718
308100 150 10211288
309100 136 8616894
310100 150 10053311
311100 149 9931341
312100 151 10664430
313100 150 10286209
314100 152 10400681
315100 148 9928297
316100 150 10180636
317100 145 9841674
318100 146 10034436
319100 143 9300730
320100 146 10143094
321100 147 10266246
322100 146 9802792
323100 159 11205965
324100 170 12368712
325100 149 10241349
326100 160 10884010
327100 151 9951129
328100 223 17793306
329100 176 12699366
330100 163 11184380
331100 168 11696851
332100 159 11028468
333100 160 11107033
334100 161 10991024
335100 162 10794846
336100 178 12745906
337100 166 11447808
338100 158 10632615
339100 156 10631923
340100 165 11895143
341100 157 10883523
342100 170 11987193
343100 163 10827688
344100 252 20735253
345100 186 13447457
346100 165 11063465
347100 167 11294463
348100 168 11306473
349100 172 11417880
350100 161 10467059
351100 166 10818844
352100 166 10881655
353100 170 11521712
354100 167 11147780
355100 168 11169995
356100 213 11686215
357100 167 11154435
358100 183 12687569
359100 197 12356391
360100 186 11837588
361100 198 14650111
362100 182 12770356
363100 187 13285019
364100 186 13155360
365100 176 11840260
366100 189 13350688
367100 174 11578358
368100 170 11013634
369100 186 12891380
370100 174 12001073
371100 167 11404892
372100 173 12046245
373100 182 13152896
374100 185 13143763
375100 186 12857383
376100 179 12055478
377100 218 16357462
378100 184 12556559
379100 179 12157006
380100 189 13167406
381100 187 12613858
382100 191 13362538
383100 198 13924769
384100 187 12623849
385100 214 15881352
386100 188 13092621
387100 198 13819504
388100 214 15550127
389100 184 12156475
390100 197 13395722
391100 192 12713746
392100 186 12604516
393100 183 12289753
394100 238 18479311
395100 223 16367001
396100 211 15207781
397100 205 14199696
398100 197 13732816
399100 203 13744179
400100 211 13380368
401100 200 13503683
402100 204 14330806
403100 188 12982795
404100 206 14840650
405100 197 13774433
406100 205 14489368
407100 209 14900623
408100 194 13648208
409100 203 14366597
410100 216 15192544
411100 197 13427469
412100 203 13993631
413100 204 14092426
414100 253 14887272
415100 199 13506026
416100 202 13770388
417100 210 14552387
418100 210 14630258
419100 206 13862566
420100 214 15081347
421100 200 13975488
422100 209 14504125
423100 228 14518990
424100 234 15133851
425100 227 14896294
426100 364 28428960
427100 235 15273388
428100 264 17752352
429100 234 15217833
430100 268 19001523
431100 218 13758069
432100 229 14345678
433100 227 14459786
434100 227 14564513
435100 239 16118189
436100 224 13712767
437100 227 14683796
438100 235 15485939
439100 243 14740870
440100 239 14866473
441100 235 14849056
442100 228 14442071
443100 255 17582910
444100 249 15068145
445100 238 15616936
446100 224 14322393
447100 232 14908355
448100 235 15444274
449100 221 14571229
450100 224 14698022
451100 233 15849433
452100 260 16818729
453100 245 15536754
454100 233 14787433
455100 242 15857168
456100 240 15600986
457100 236 15831427
458100 236 15574894
459100 352 28068157
460100 279 19599415
461100 247 16340753
462100 265 18441460
463100 243 16090911
464100 237 15432518
465100 274 16427147
466100 268 16221747
467100 289 19014036
468100 267 17050222
469100 286 17032433
470100 299 16244722
471100 376 20393507
472100 358 17607657
473100 386 19411174
474100 351 16046204
475100 345 16829872
476100 330 19152402
477100 278 16424105
478100 284 17882503
479100 278 16225895
480100 293 17102392
481100 287 17487298
482100 272 16428079
483100 263 16399009
484100 273 18479190
485100 264 17674195
486100 249 15923478
487100 293 16937578
488100 260 17087938
489100 265 17870905
490100 254 16373538
491100 279 18641658
492100 302 22304112
493100 290 21149748
494100 284 19419881
495100 268 17637580
496100 258 16823689
497100 262 16965883
498100 270 18447820
499100 282 19774100
500100 280 18814214
